60
40.0 0.0
38.3 11.2
33.4 22.0
25.6 31.2
15.3 37.8
3.5 41.0
-8.7 40.2
-20.3 35.6
-30.2 27.6
-37.4 16.8
-41.2 4.2
-41.0 -8.6
-36.8 -20.8
-29.2 -31.0
-18.9 -38.2
-6.8 -41.5
5.6 -40.8
17.8 -36.4
28.5 -28.9
36.5 -18.6
20.0 0.0
18.2 8.4
14.5 15.8
9.2 21.6
2.8 25.2
-4.2 26.3
-11.0 24.6
-16.8 20.4
-21.0 14.2
-23.2 6.8
-23.0 -1.2
-20.4 -9.0
-15.6 -15.8
-9.2 -21.0
-1.8 -23.8
5.8 -24.0
13.0 -21.6
18.8 -16.8
22.8 -10.2
24.6 -2.8
30.5 30.5
20.4 20.4
10.3 10.3
-10.3 -10.3
-20.4 -20.4
-30.5 -30.5
30.5 -30.5
20.4 -20.4
10.3 -10.3
-10.3 10.3
15.7 -35.2
-25.6 12.8
32.4 -8.9
-5.6 28.7
18.9 22.3
-22.1 -15.6
8.5 -15.9
-12.4 8.7
25.6 5.4
-8.9 -22.3
6
25.0 25.0
-25.0 25.0
0.0 0.0
25.0 -25.0
-25.0 -25.0
0.0 25.0